VERSN,6,Trash Fire in Cable Spreading Room
!!
!!Scenario Configuration Keywords
!!
TIMES,3600,-10,0,10,10
EAMB,293.15,101300,0
TAMB,293.15,101300,0,50
CJET,WALLS
WIND,0,10,0.16
!!
!!Material Properties
!!
MATL,CSRConcrete,1.6,750,2400,0.5,0.9,CSR Concrete (user's guide)
MATL,CSRTrash,0.12,1380,510,0.8,0.9,"Trash Fire, Softwoods (CFAST default value)"
MATL,THIEF,0.2,1500,2264,0.015,0.8,Thief Cable (per NUREG CR 6931)
!!
!!Compartment keywords
!!
COMPA,Cable Spreading Room,40,18.5,4,0,0,0,CSRConcrete,CSRConcrete,CSRConcrete
ROOMA,1,14,700.04,700.04,635.74,635.74,483.74,483.74,514.89,514.89,634.74,634.74,699.04,699.04,291.46,291.46
ROOMH,1,14,0,1.799,1.8,2.199,2.2,2.399,2.4,2.799,2.8,3.199,3.2,3.599,3.6,4
!!
!!Vent keywords
!!
HVENT,1,2,1,2,0.01,0,1,5,5,1,1
HVENT,1,2,2,2,0.01,0,1,33,33,1,1
HVENT,1,2,3,2,2,0.01,1,33,33,1,0
MVENT,2,1,1,H,2.43,0.25,H,2.43,0.25,0.7,200,300,1
MVENT,2,1,2,H,2.43,0.25,H,2.43,0.25,0.7,200,300,1
MVENT,1,2,3,H,2.43,0.25,H,2.43,0.25,0.7,200,300,1
MVENT,1,2,4,H,2.43,0.25,H,2.43,0.25,0.7,200,300,1
EVENT,H,1,2,3,770,1,1
EVENT,M,2,1,1,170,0,1
EVENT,M,2,1,2,280.1,0,1
EVENT,M,1,2,3,280.1,0,1
EVENT,M,1,2,4,280.1,0,1
!!
!!Fire keywords
!!
!!Transient Combustibles
FIRE,1,33,16.3,0.8,1,1,0,0,0,1,Transient Combustibles
CHEMI,4,7,2.5,0,0,0.4,3.04E+07,CSRTrash
TIME,0,48,96,144,192,240,288,336,384,432,480,799,800,3600
HRR,0,3170,12680,28530,50720,79250,114120,155330,202880,256770,317000,317000,0,0
SOOT,0.038,0.038,0.038,0.038,0.038,0.038,0.038,0.038,0.038,0.038,0.038,0.038,0.038,0.038
CO,0.014,0.014,0.014,0.014,0.014,0.014,0.014,0.014,0.014,0.014,0.014,0.014,0.014,0.014
TRACE,0,0,0,0,0,0,0,0,0,0,0,0,0,0
AREA,0.282743,0.282743,0.282743,0.282743,0.282743,0.282743,0.282743,0.282743,0.282743,0.282743,0.282743,0.282743,0.282743,0.282743
HEIGH,0,0,0,0,0,0,0,0,0,0,0,0,0,0
!!
!!Target and detector keywords
!!
DETECT,2,1,303.15,4,15.5,3.96,5,0,7E-05
DETECT,2,1,303.15,11.9,15.5,3.96,5,0,7E-05
DETECT,2,1,303.15,19.8,15.5,3.96,5,0,7E-05
DETECT,2,1,303.15,27.7,15.5,3.96,5,0,7E-05
DETECT,2,1,303.15,35.7,15.5,3.96,5,0,7E-05
DETECT,2,1,303.15,4,9.4,3.96,5,0,7E-05
DETECT,2,1,303.15,11.9,9.4,3.96,5,0,7E-05
DETECT,2,1,303.15,27.7,9.4,3.96,5,0,7E-05
DETECT,2,1,303.15,35.7,9.4,3.96,5,0,7E-05
DETECT,2,1,303.15,4,3.3,3.96,5,0,7E-05
DETECT,2,1,303.15,11.9,3.3,3.96,5,0,7E-05
DETECT,2,1,303.15,19.8,3.3,3.96,5,0,7E-05
DETECT,2,1,303.15,27.7,3.3,3.96,5,0,7E-05
DETECT,2,1,303.15,35.7,3.3,3.96,5,0,7E-05
TARGET,1,33,16.3,1.8,0,0,1,THIEF,EXPLICIT,CYL,0.2
TARGET,1,33,16.3,2.3,0,0,1,THIEF,EXPLICIT,CYL,0.2
TARGET,1,33,16.3,3.1,0,0,1,THIEF,EXPLICIT,CYL,0.2
