VERSN,7,CFAST Simulation
!!
!!Scenario Configuration Keywords
!!
TIMES,2000,50,10,10
EAMB,293.15,101300,0
TAMB,293.15,101300,0,50
!!
!!Material Properties
!!
MATL,ACOUTILE,0.058,1340,290,0.003,0.9,Acoustic Tile (1/8 in)
MATL,GYPSUM,0.16,900,790,0.016,0.9,Gypsum Board (5/8 in)
!!
!!Compartment keywords
!!
COMPA,3 Panel,3,3,3,0,0,0,GYPSUM,OFF,ACOUTILE,50,50,50
COMPA,Bunkbed,3,3,3,3,0,0,GYPSUM,OFF,GYPSUM,50,50,50
COMPA,Burner,3,3,3,6,0,0,GYPSUM,OFF,GYPSUM,50,50,50
COMPA,Curtains,3,3,3,9,0,0,GYPSUM,OFF,GYPSUM,50,50,50
COMPA,Kiosk,3,3,3,12,0,0,GYPSUM,OFF,GYPSUM,50,50,50
COMPA,Mattress,3,3,3,15,0,0,GYPSUM,OFF,GYPSUM,50,50,50
COMPA,Sofa,3,3,3,18,0,0,GYPSUM,OFF,GYPSUM,50,50,50
COMPA,TV,3,3,3,21,0,0,GYPSUM,OFF,GYPSUM,50,50,50
COMPA,Upholstered Chair,3,3,3,24,0,0,GYPSUM,OFF,GYPSUM,50,50,50
COMPA,Wardrobe,3,3,3,27,0,0,GYPSUM,OFF,GYPSUM,50,50,50
COMPA,Wood Wall,3,3,3,30,0,0,GYPSUM,OFF,GYPSUM,50,50,50
!!
!!Vent keywords
!!
HVENT,1,12,1,1,2,0,1,1,1
HVENT,2,12,1,1,2,0,1,1,1
HVENT,3,12,1,1,2,0,1,1,1
HVENT,4,12,1,1,2,0,1,1,1
HVENT,5,12,1,1,2,0,1,1,1
HVENT,6,12,1,1,2,0,1,1,1
HVENT,7,12,1,1,2,0,1,1,1
HVENT,8,12,1,1,2,0,1,1,1
HVENT,9,12,1,1,2,0,1,1,1
HVENT,10,12,1,1,2,0,1,1,1
HVENT,11,12,1,1,2,0,1,1,1
!!
!!Fire keywords
!!
GLOBA,10,393.15
!!3_panel_workstation
FIRE,1,1.5,1.5,0,1,TIME,0,0,0,0,3_panel_workstation
CHEMI,6,10,5,0,0,0.37,1.71E+07
TIME,0,50,100,164,228,292,356,420,484,548,550,552,616,680,744,808,872
HRR,38000,166000,203000,274000,118000,136000,798000,1050000,3080000,6680000,6710000,6470000,2590000,2090000,1140000,826000,714000
SOOT,0.015,0.015,0.015,0.015,0.015,0.015,0.015,0.015,0.015,0.015,0.015,0.015,0.015,0.015,0.015,0.015,0.015
CO,0.006171682,0.006171682,0.006171682,0.006171682,0.006171682,0.006171682,0.006171682,0.006171682,0.006171682,0.006171682,0.006171682,0.006171682,0.006171682,0.006171682,0.006171682,0.006171682,0.006171682
TRACE,0,0,0,0,0,0,0,0,0,0,0,0,0,0,0,0,0
AREA,1.5,1.5,1.5,1.5,1.5,1.5,1.5,1.5,1.5,1.5,1.5,1.5,1.5,1.5,1.5,1.5,1.5
HEIGH,0,0,0,0,0,0,0,0,0,0,0,0,0,0,0,0,0
!!bunkbed
FIRE,2,1.5,1.5,0,1,TIME,0,0,0,0,bunkbed
CHEMI,25,42,6,2,0,0.52,2.62E+07
TIME,0,99,200,240,300,401,501,602,702,803,883
HRR,0,9840,171000,4620000,1330000,749000,218000,19900,28500,21900,23500
SOOT,0.131,0.131,0.131,0.131,0.131,0.131,0.131,0.131,0.131,0.131,0.131
CO,0.04951722,0.04951722,0.04951722,0.04951722,0.04951722,0.04951722,0.04951722,0.04951722,0.04951722,0.04951722,0.04951722
TRACE,0,0,0,0,0,0,0,0,0,0,0
AREA,1.8,1.8,1.8,1.8,1.8,1.8,1.8,1.8,1.8,1.8,1.8
HEIGH,0.5,0.5,0.5,0.5,0.5,0.5,0.5,0.5,0.5,0.5,0.5
!!burner
FIRE,3,1.5,1.5,0,1,TIME,0,0,0,0,burner
CHEMI,1,4,0,0,0,0.33,5E+07
TIME,0,60,120,180,240,300,360,420,480,540,1800
HRR,0,100000,150000,200000,150000,125000,100000,90000,80000,75000,75000
SOOT,0,0,0,0,0,0,0,0,0,0,0
CO,0.001047221,0.001047221,0.001047221,0.001047221,0.001047221,0.001047221,0.001047221,0.001047221,0.001047221,0.001047221,0.001047221
TRACE,0,0,0,0,0,0,0,0,0,0,0
AREA,0.1,0.1,0.1,0.1,0.1,0.1,0.1,0.1,0.1,0.1,0.1
HEIGH,0,0,0,0,0,0,0,0,0,0,0
!!curtains
FIRE,4,1.5,1.5,0,1,TIME,0,0,0,0,curtains
CHEMI,6,10,5,0,0,0.3,1.71E+07
TIME,120,150,168,180,210,228,240,294,462,540
HRR,0,50000,150000,240000,200000,150000,100000,50000,15000,3000
SOOT,0.015,0.015,0.015,0.015,0.015,0.015,0.015,0.015,0.015,0.015
CO,0.006171682,0.006171682,0.006171682,0.006171682,0.006171682,0.006171682,0.006171682,0.006171682,0.006171682,0.006171682
TRACE,0,0,0,0,0,0,0,0,0,0
AREA,0.4,0.4,0.4,0.4,0.4,0.4,0.4,0.4,0.4,0.4
HEIGH,0,0,0,0,0,0,0,0,0,0
!!kiosk
FIRE,5,1.5,1.5,0,1,TIME,0,0,0,0,kiosk
CHEMI,6,10,5,0,0,0.37,5E+07
TIME,0,350,700,775,851,927,1000,1080,1150,1230,1260,1280,1350,1420,1480,1550,1620,1680,1750,2270
HRR,1000,33000,90000,136000,294000,348000,387000,403000,323000,1750000,1290000,1190000,1330000,1080000,1100000,1000000,1260000,977000,805000,529000
SOOT,0.015,0.015,0.015,0.015,0.015,0.015,0.015,0.015,0.015,0.015,0.015,0.015,0.015,0.015,0.015,0.015,0.015,0.015,0.015,0.015
CO,0.006171682,0.006171682,0.006171682,0.006171682,0.006171682,0.006171682,0.006171682,0.006171682,0.006171682,0.006171682,0.006171682,0.006171682,0.006171682,0.006171682,0.006171682,0.006171682,0.006171682,0.006171682,0.006171682,0.006171682
TRACE,0,0,0,0,0,0,0,0,0,0,0,0,0,0,0,0,0,0,0,0
AREA,0.5,0.5,0.5,0.5,0.5,0.5,0.5,0.5,0.5,0.5,0.5,0.5,0.5,0.5,0.5,0.5,0.5,0.5,0.5,0.5
HEIGH,0,0,0,0,0,0,0,0,0,0,0,0,0,0,0,0,0,0,0,0
!!mattress_and_boxspring
FIRE,6,1.5,1.5,0,1,TIME,0,0,0,0,mattress_and_boxspring
CHEMI,25,42,6,2,0,0.3,1.71E+07
TIME,0,400,580,615,760,910,1100,1200,1500,1700
HRR,25000,100000,300000,540000,300000,660000,300000,200000,100000,75000
SOOT,0.131,0.131,0.131,0.131,0.131,0.131,0.131,0.131,0.131,0.131
CO,0.04937011,0.04937011,0.04937011,0.04937011,0.04937011,0.04937011,0.04937011,0.04937011,0.04937011,0.04937011
TRACE,0,0,0,0,0,0,0,0,0,0
AREA,1.8,1.8,1.8,1.8,1.8,1.8,1.8,1.8,1.8,1.8
HEIGH,0,0,0,0,0,0,0,0,0,0
!!sofa
FIRE,7,1.5,1.5,0,1,TIME,0,0,0,0,sofa
CHEMI,25,42,6,2,0,0.33,1.89E+07
TIME,0,100,200,300,400,500,600,700,800,900,1000,1100
HRR,0,135900,953900,1864000,3447000,1667000,531700,539300,415900,317400,240800,216600
SOOT,0.131,0.131,0.131,0.131,0.131,0.131,0.131,0.131,0.131,0.131,0.131,0.131
CO,0.04937011,0.04937011,0.04937011,0.04937011,0.04937011,0.04937011,0.04937011,0.04937011,0.04937011,0.04937011,0.04937011,0.04937011
TRACE,0,0,0,0,0,0,0,0,0,0,0,0
AREA,0.5,0.5,0.5,0.5,0.5,0.5,0.5,0.5,0.5,0.5,0.5,0.5
HEIGH,0,0,0,0,0,0,0,0,0,0,0,0
!!tv_set
FIRE,8,1.5,1.5,0,1,TIME,0,0,0,0,tv_set
CHEMI,8,8,0,0,0,0.4,2.7E+07
TIME,150,420,480,600,720,900,1200,1500,1800
HRR,3000,10000,50000,150000,280000,150000,90000,120000,35000
SOOT,0.164,0.164,0.164,0.164,0.164,0.164,0.164,0.164,0.164
CO,0.06172722,0.06172722,0.06172722,0.06172722,0.06172722,0.06172722,0.06172722,0.06172722,0.06172722
TRACE,0,0,0,0,0,0,0,0,0
AREA,0.5,0.5,0.5,0.5,0.5,0.5,0.25,0.25,0.25
HEIGH,0,0,0,0,0,0,0,0,0
!!upholstered_chair
FIRE,9,1.5,1.5,0,1,TIME,0,0,0,0,upholstered_chair
CHEMI,25,42,6,2,0,0.33,1.71E+08
TIME,0,90,140,200,265,390,540,840,1940
HRR,0,90500,452500,2099600,597300,144800,144800,90500,0
SOOT,0.131,0.131,0.131,0.131,0.131,0.131,0.131,0.131,0.131
CO,0.04937011,0.04937011,0.04937011,0.04937011,0.04937011,0.04937011,0.04937011,0.04937011,0.04937011
TRACE,0,0,0,0,0,0,0,0,0
AREA,1,1,1,1,1,1,1,1,1
HEIGH,0,0,0,0,0,0,0,0,0
!!wardrobe
FIRE,10,1.5,1.5,0,1,TIME,0,0,0,0,wardrobe
CHEMI,6,10,5,0,0,0.33,1.81E+07
TIME,60,120,160,170,180,200,240,600,900
HRR,250000,1050000,3500000,4500000,3500000,1400000,600000,200000,150000
SOOT,0.015,0.015,0.015,0.015,0.015,0.015,0.015,0.015,0.015
CO,0.006171682,0.006171682,0.006171682,0.006171682,0.006171682,0.006171682,0.006171682,0.006171682,0.006171682
TRACE,0,0,0,0,0,0,0,0,0
AREA,0.5,0.5,0.5,0.5,0.5,0.5,0.5,0.5,0.5
HEIGH,0,0,0,0,0,0,0,0,0
!!wood_wall
FIRE,11,1.5,1.5,0,1,TIME,0,0,0,0,wood_wall
CHEMI,6,10,5,0,0,0.33,1.81E+07
TIME,0,8000
HRR,0,1000000
SOOT,0.015,0.015
CO,0.006171682,0.006171682
TRACE,0,0
AREA,0.05,9
HEIGH,0,3
!!
!!visualizations
!!
SLCF,2-D,Y,1.5
