VENT        2     0.     1.       5.      10.
HEAT        2     0.   100.     300.     500.
PRESSURE    2     0.   100.    1000.    5000. 
WALL        2     0.    47.      66.     100.
TEMPERATURE 2     0.    47.      66.     100.
INTERFACE   1     1.5    1.0      0.5      0.5
N2          2   100.   100.     100.     100.
O2          1    18.    16.      14.       0.
CO2         2     0. 10000.   50000.  100000.
CO          2     0.  1300.    2300.    4000.
HCN         2     0.   300.    1000.    4000.
HCL         2     0.     0.       0.       0.
TUHC        2     0.     0.       0.       0.
H2O         2 10000. 10000.   10000.   10000.
OD          2     0.     0.25     0.5      1.0
CT          2     0.   225.     450.     900.
